000000000000000000010001000000
000000000000000000010001010000
000000000000000000010101100000
000000000000000000010101110000
000000000000000000010110000000
000000000000000000010110010000
000000000000000000010110100000
000000000000000000010110110000
000000000000000000011010110000
000000000000000000011110100000
000000000000000000011110110000
000000000000000000100010100000
000000000000000000100110010000
000000000000000000101010000000
000000000000000000101010010000
000000000000000000101110000000
000000000000000000110001110000
000000000000000000110010000000
000000000000000000110101100000
000000000000000000110101110000
000000000000000000111001100000
000000000000000000111001110000